-62    93
-62    94
-62    95
-62    96
-62    97
-62    98
-62    99
-62    100
-62    101
-62    102
-62    103
-62    104
-62    105
-62    106
-62    107
-62    108
-62    109
-62    110
-62    111
-62    112
-62    113
-62    114
-62    115
-62    116
-62    117
-62    118
-62    119
-62    120
-62    121
-62    122
-62    123
-62    124
-62    125
-62    126
-62    127
-62    128
-62    129
-62    130
-62    131
-62    132
-62    133
-62    134
-62    135
-62    136
-62    137
-62    138
-62    139
-62    140
-62    141
-62    142
-62    143
-62    144
-62    145
-62    146
-62    147
-62    148
-62    149
-62    150
-62    151
-62    152
-62    153
-62    154
-62    155
-62    156
-62    157
-62    158
-62    159
-62    160
-62    161
-62    162
-62    163
-61    163
-60    163
-59    163
-58    163
-57    163
-56    163
-55    163
-54    163
-53    163
-52    163
-51    163
-50    163
-49    163
-48    163
-47    163
-46    163
-45    163
-44    163
-43    163
-42    163
-41    163
-40    163
-39    163
-38    163
-37    163
-36    163
-35    163
-34    163
-33    163
-32    163
-31    163
-30    163
-29    163
-28    163
-27    163
-26    163
-25    163
-24    163
-23    163
-22    163
-21    163
-20    163
-19    163
-18    163
-17    163
-16    163
-15    163
-14    163
-13    163
-12    163
-11    163
-10    163
-9    163
-8    163
-7    163
-6    163
-5    163
-4    163
-3    163
-2    163
-1    163
0    163
1    163
2    163
3    163
4    163
5    163
6    163
7    163
8    163
9    163
10    163
11    163
12    163
13    163
14    163
15    163
16    163
17    163
18    163
19    163
20    163
21    163
22    163
23    163
24    163
25    163
26    163
27    163
28    163
29    163
30    163
31    163
32    163
33    163
34    163
35    163
36    163
37    163
38    163
39    163
40    163
41    163
42    163
43    163
44    163
45    163
46    163
47    163
48    163
49    163
50    163
51    163
52    163
53    163
54    163
55    163
56    163
57    163
58    163
59    163
60    163
61    163
61    162
61    161
61    160
61    159
61    158
61    157
61    156
61    155
61    154
61    153
61    152
61    151
61    150
61    149
61    148
61    147
61    146
61    145
61    144
61    143
61    142
61    141
61    140
61    139
61    138
61    137
61    136
61    135
61    134
61    133
61    132
61    131
61    130
61    129
61    128
61    127
61    126
61    125
61    124
61    123
61    122
61    121
61    120
61    119
61    118
61    117
61    116
61    115
61    114
61    113
61    112
61    111
61    110
61    109
61    108
61    107
61    106
61    105
61    104
61    103
61    102
61    101
61    100
61    99
61    98
61    97
61    96
61    95
61    94
61    93
60    93
59    93
58    93
57    93
56    93
55    93
54    93
53    93
52    93
51    93
50    93
49    93
48    93
47    93
46    93
45    93
44    93
43    93
42    93
41    93
40    93
39    93
38    93
37    93
36    93
35    93
34    93
33    93
32    93
31    93
30    93
29    93
28    93
27    93
26    93
25    93
24    93
23    93
22    93
21    93
20    93
19    93
18    93
17    93
16    93
15    93
14    93
13    93
12    93
11    93
10    93
9    93
8    93
7    93
6    93
5    93
4    93
3    93
2    93
1    93
0    93
-1    93
-2    93
-3    93
-4    93
-5    93
-6    93
-7    93
-8    93
-9    93
-10    93
-11    93
-12    93
-13    93
-14    93
-15    93
-16    93
-17    93
-18    93
-19    93
-20    93
-21    93
-22    93
-23    93
-24    93
-25    93
-26    93
-27    93
-28    93
-29    93
-30    93
-31    93
-32    93
-33    93
-34    93
-35    93
-36    93
-37    93
-38    93
-39    93
-40    93
-41    93
-42    93
-43    93
-44    93
-45    93
-46    93
-47    93
-48    93
-49    93
-50    93
-51    93
-52    93
-53    93
-54    93
-55    93
-56    93
-57    93
-58    93
-59    93
-60    93
-61    93
