0    80
1    79
2    80
3    81
4    82
5    83
6    84
6    85
7    86
8    87
9    88
10    89
10    90
11    91
12    92
13    93
14    94
15    95
15    96
16    96
17    95
18    94
19    93
20    92
21    91
22    91
23    90
24    89
25    88
26    87
27    87
28    86
29    85
30    84
31    83
32    83
33    82
34    81
35    81
36    82
37    83
38    84
39    85
40    86
41    87
42    88
43    89
43    90
44    91
44    92
45    93
45    94
46    95
46    96
46    97
47    98
47    99
47    100
48    101
48    102
48    103
48    104
48    105
48    106
49    107
49    108
49    109
49    110
49    111
49    112
49    113
48    114
48    115
48    116
48    117
47    118
47    119
46    120
46    121
45    122
45    123
44    124
43    125
42    126
41    127
40    127
39    128
38    129
37    130
36    130
35    131
34    131
33    132
32    132
31    133
30    133
29    133
28    134
27    134
26    135
25    135
24    135
23    135
22    136
21    136
20    136
19    136
18    137
17    137
16    137
15    137
14    137
13    137
12    138
11    138
10    138
9    138
8    138
7    138
6    138
5    138
4    138
3    138
2    138
2    139
2    140
2    141
2    142
2    143
2    144
1    145
1    146
1    147
1    148
1    149
1    150
1    151
1    152
1    153
1    154
1    155
1    156
1    157
1    158
1    159
1    160
1    161
1    162
1    163
1    164
1    165
1    166
1    167
1    166
2    165
2    164
3    163
4    162
4    161
5    160
6    159
7    158
8    157
9    156
10    155
11    154
12    153
13    152
14    152
15    151
16    150
17    150
18    149
19    149
20    148
21    148
22    147
23    147
24    147
25    146
26    146
27    146
28    146
29    145
30    145
31    145
32    145
33    145
34    144
35    144
36    144
37    144
38    144
39    144
40    144
41    144
42    144
43    144
44    144
45    144
46    144
47    144
48    145
48    146
48    147
48    148
49    149
49    150
49    151
49    152
49    153
49    154
49    155
48    156
48    157
48    158
48    159
47    160
47    161
46    162
46    163
45    164
44    165
43    166
43    167
42    168
41    169
40    169
39    170
38    171
37    171
36    172
35    172
34    173
33    173
32    174
31    174
30    175
29    175
28    175
27    175
26    176
25    176
24    176
23    176
22    176
21    177
20    177
19    177
18    177
17    177
16    177
15    177
14    177
13    177
12    177
11    177
10    177
9    176
8    176
7    176
6    176
5    176
4    176
3    175
2    175
1    175
0    175
-1    175
-2    175
-3    175
-4    175
-5    176
-6    176
-7    176
-8    176
-9    176
-10    176
-11    177
-12    177
-13    177
-14    177
-15    177
-16    177
-17    177
-18    177
-19    177
-20    177
-21    177
-22    176
-23    176
-24    176
-25    176
-26    176
-27    175
-28    175
-29    175
-30    175
-31    174
-32    174
-33    174
-34    173
-35    172
-36    172
-37    172
-38    171
-39    170
-40    169
-41    169
-42    168
-43    167
-44    166
-45    165
-46    164
-46    163
-47    162
-47    161
-48    160
-48    159
-48    158
-49    157
-49    156
-49    155
-49    154
-49    153
-49    152
-49    151
-49    150
-49    149
-49    148
-49    147
-49    146
-49    145
-48    144
-47    144
-46    144
-45    144
-44    144
-43    144
-42    144
-41    144
-40    144
-39    144
-38    144
-37    144
-36    144
-35    144
-34    145
-33    145
-32    145
-31    145
-30    145
-29    146
-28    146
-27    146
-26    147
-25    147
-24    147
-23    147
-22    148
-21    148
-20    149
-19    149
-18    150
-17    150
-16    151
-15    152
-14    152
-13    153
-12    154
-11    155
-10    156
-9    157
-8    158
-7    159
-6    160
-5    161
-5    162
-4    163
-3    164
-3    165
-2    166
-2    167
-2    166
-2    165
-2    164
-2    163
-2    162
-2    161
-2    160
-2    159
-2    158
-2    157
-2    156
-2    155
-2    154
-2    153
-2    152
-2    151
-2    150
-2    149
-2    148
-2    147
-2    146
-2    145
-2    144
-2    143
-2    142
-1    141
-1    140
-1    139
-1    138
-2    138
-3    138
-4    138
-5    138
-6    138
-7    138
-8    138
-9    138
-10    138
-11    138
-12    138
-13    138
-14    138
-15    138
-16    138
-17    137
-18    137
-19    137
-20    137
-21    137
-22    136
-23    136
-24    136
-25    136
-26    135
-27    135
-28    135
-29    135
-30    134
-31    134
-32    134
-33    133
-34    133
-35    132
-36    132
-37    132
-38    131
-39    130
-40    130
-41    129
-42    128
-43    127
-44    126
-45    126
-46    125
-46    124
-47    123
-48    122
-48    121
-49    120
-49    119
-49    118
-49    117
-50    116
-50    115
-50    114
-50    113
-50    112
-50    111
-50    110
-50    109
-49    108
-49    107
-49    106
-49    105
-49    104
-49    103
-48    102
-48    101
-48    100
-47    99
-47    98
-46    97
-46    96
-46    95
-45    94
-44    93
-44    92
-43    91
-43    90
-42    89
-41    88
-40    87
-39    86
-38    85
-37    84
-36    83
-35    82
-34    81
-33    81
-32    82
-31    82
-30    83
-29    84
-28    85
-27    85
-26    86
-25    87
-24    88
-23    89
-22    90
-21    90
-20    91
-19    92
-18    93
-17    94
-16    94
-15    95
-14    94
-13    93
-12    92
-11    91
-10    90
-9    89
-8    88
-7    87
-6    86
-5    85
-4    84
-3    83
-2    82
-1    81
